Preparing dense data for GPU...

=== A_h (64x64) ===
-0.30 -0.50 -0.50 -0.10 0.00 0.00 -0.10 0.30 -0.30 0.00 0.00 -0.30 0.00 -0.10 0.00 -0.50 
0.10 -0.50 0.00 0.00 0.00 0.30 0.10 -0.30 0.00 0.00 -0.30 0.00 -0.10 0.30 0.00 0.10 
0.00 -0.50 0.10 -0.50 -0.30 0.00 0.00 -0.10 0.00 0.00 0.00 0.00 0.00 0.30 -0.10 0.00 
0.00 0.30 0.10 -0.10 0.00 0.10 0.30 0.00 0.30 -0.10 -0.30 0.30 0.00 0.00 0.30 0.00 

-0.50 0.00 -0.10 0.00 -0.10 0.00 -0.10 -0.30 -0.30 0.00 0.30 0.00 0.00 0.00 0.00 0.00 
0.00 -0.30 -0.50 0.00 0.00 -0.30 0.10 -0.50 0.00 0.30 0.00 0.00 -0.10 0.00 0.00 0.00 
0.10 0.00 0.00 0.00 0.00 0.10 0.00 0.00 0.00 -0.30 0.30 0.30 0.00 0.00 0.10 0.00 
0.00 0.30 0.00 -0.30 0.00 -0.10 0.30 0.00 0.00 -0.10 0.00 -0.10 -0.30 -0.50 0.00 0.00 

0.00 0.10 0.00 0.00 0.00 0.00 0.00 0.30 0.00 0.10 0.00 0.00 0.00 0.00 0.00 0.00 
0.30 0.00 0.00 0.30 0.00 0.10 0.30 -0.50 0.00 -0.50 0.00 -0.30 -0.10 0.00 -0.10 0.00 
0.30 0.00 0.00 0.00 0.00 0.10 0.00 -0.50 0.00 0.00 0.00 0.00 0.00 -0.50 -0.50 0.00 
0.00 0.00 0.00 0.00 0.10 0.00 0.10 0.00 0.00 0.30 0.00 0.00 0.30 -0.50 -0.30 -0.30 

-0.50 0.00 -0.50 0.30 0.30 0.30 0.10 -0.50 -0.30 0.30 0.00 0.30 -0.10 0.00 0.00 0.00 
0.30 0.00 -0.10 0.00 0.30 0.00 0.00 0.00 0.00 -0.30 0.00 0.00 -0.30 0.30 -0.30 0.00 
0.00 0.00 0.00 -0.50 0.00 0.00 0.30 -0.50 0.00 0.00 -0.30 -0.50 -0.10 -0.10 -0.50 -0.10 
-0.50 0.00 0.10 -0.50 0.00 0.30 0.30 0.00 0.00 0.30 0.00 0.30 -0.30 -0.50 -0.10 0.30 

-0.50 0.00 0.30 0.00 0.30 0.00 0.30 0.00 0.00 0.00 -0.30 0.00 0.10 -0.10 0.00 0.10 
0.00 0.00 0.10 0.00 0.00 0.00 0.00 0.30 -0.30 0.30 0.00 0.00 -0.10 0.00 0.10 0.00 
-0.10 -0.10 -0.50 -0.30 0.10 0.30 0.00 0.30 0.00 0.30 0.00 0.00 0.10 -0.10 -0.10 0.10 
0.00 0.00 0.00 0.00 0.00 -0.10 0.00 -0.30 0.00 0.00 0.00 -0.50 0.00 0.00 0.00 0.00 

-0.50 0.00 0.00 0.00 -0.50 0.00 0.30 -0.10 -0.10 0.10 0.00 0.00 -0.10 0.00 0.00 -0.30 
0.00 -0.10 -0.10 0.00 -0.30 0.00 -0.50 -0.10 0.30 -0.30 0.00 0.30 -0.50 -0.10 -0.50 0.00 
0.00 -0.30 0.10 0.00 0.00 -0.10 -0.30 -0.30 -0.10 0.00 0.00 0.30 -0.10 -0.10 -0.50 0.30 
-0.50 0.00 0.00 0.00 0.10 0.00 -0.50 -0.30 0.00 0.00 0.30 0.00 0.00 -0.10 0.00 0.00 

0.10 0.10 0.00 0.10 0.00 -0.10 0.00 0.30 0.00 0.10 0.00 0.00 0.30 0.00 -0.30 0.10 
0.30 0.00 0.00 0.10 0.00 0.10 0.00 0.00 -0.10 -0.10 -0.10 0.00 0.00 0.30 -0.10 -0.30 
0.00 0.00 0.00 -0.50 -0.50 -0.30 0.00 0.00 0.00 0.00 0.30 0.00 0.10 0.00 -0.10 0.00 
-0.10 -0.30 0.00 0.10 0.00 -0.10 0.00 -0.30 0.00 -0.30 0.10 0.00 0.30 0.00 0.00 0.00 

0.00 -0.50 0.30 0.10 0.10 0.00 -0.10 -0.10 0.00 0.30 0.00 -0.30 0.10 0.30 0.00 -0.10 
-0.50 0.30 0.00 0.00 -0.10 0.00 0.00 0.00 0.10 0.00 0.10 0.00 -0.50 0.00 0.00 0.00 
-0.50 0.10 0.00 0.00 -0.30 0.00 0.30 0.30 -0.50 0.10 0.00 -0.30 0.30 0.00 0.00 -0.30 
-0.10 -0.30 -0.50 0.00 -0.50 0.00 0.00 0.00 0.00 0.30 0.00 0.30 -0.10 0.00 0.00 -0.10 

-0.50 -0.10 -0.50 0.30 -0.10 0.00 0.00 -0.50 0.00 0.00 0.10 -0.30 0.00 0.30 -0.10 -0.30 
0.00 0.00 0.00 -0.10 -0.50 0.00 -0.50 0.00 -0.30 0.10 0.00 0.00 0.10 0.00 0.10 0.00 
-0.50 0.10 0.00 -0.30 0.10 0.00 -0.30 0.30 0.00 0.00 0.00 0.00 0.00 0.00 0.00 0.30 
-0.30 0.00 0.00 -0.30 -0.10 0.00 -0.30 0.00 0.00 -0.50 0.30 0.30 -0.30 0.00 0.30 -0.30 

0.00 0.00 0.00 -0.30 -0.50 -0.50 0.00 0.00 -0.30 -0.10 0.00 -0.30 0.00 0.10 0.30 -0.10 
-0.30 -0.10 0.00 -0.10 -0.30 0.10 -0.10 0.00 -0.30 -0.50 0.10 0.00 -0.30 0.00 -0.50 0.00 
0.00 0.00 -0.30 0.10 0.00 0.00 0.00 -0.30 0.00 0.10 0.00 0.00 -0.10 0.10 0.00 -0.50 
-0.10 0.00 0.00 -0.30 0.30 0.00 0.00 0.00 0.10 0.00 -0.10 -0.30 -0.10 0.00 -0.10 -0.10 

-0.10 0.00 0.00 0.00 0.10 -0.50 -0.50 0.10 0.10 0.00 0.10 -0.50 0.30 0.00 0.00 0.00 
0.10 0.00 0.00 -0.30 0.30 0.00 0.00 0.00 -0.50 0.30 -0.10 -0.30 0.00 -0.50 -0.10 -0.10 
0.10 0.00 0.00 0.30 0.10 -0.10 0.00 0.00 0.10 -0.50 -0.30 -0.30 -0.10 -0.30 -0.10 0.10 
-0.10 0.00 0.00 0.00 0.30 -0.10 0.30 0.30 0.00 0.00 0.00 -0.30 -0.30 0.00 0.30 0.00 

0.30 0.00 0.10 0.00 -0.50 -0.30 -0.50 0.30 0.00 0.30 0.00 0.00 -0.10 0.00 0.00 0.30 
-0.50 0.10 -0.50 0.00 0.00 -0.30 -0.10 0.00 0.00 -0.30 0.10 -0.50 -0.50 -0.10 0.00 0.30 
0.30 0.10 -0.30 0.30 0.00 0.00 0.00 -0.30 -0.30 0.00 -0.10 0.30 0.00 -0.30 0.00 -0.10 
0.00 0.00 -0.10 -0.10 -0.10 -0.50 0.00 -0.30 0.00 0.00 -0.30 -0.50 -0.50 0.00 0.00 0.00 

0.00 0.10 -0.10 0.00 0.00 -0.30 0.00 0.00 -0.30 0.30 0.00 0.00 0.00 0.00 0.10 0.00 
0.00 0.00 0.00 0.10 0.10 -0.30 0.30 -0.50 0.00 0.30 0.00 0.30 0.30 0.00 -0.50 -0.50 
0.00 -0.10 0.30 0.00 -0.30 0.00 -0.10 0.00 -0.50 0.00 0.00 -0.30 0.00 0.00 0.00 -0.10 
0.10 0.00 0.00 0.00 0.30 0.00 0.00 0.10 0.00 -0.10 -0.50 0.00 0.00 0.30 0.00 0.00 

0.00 0.10 -0.50 -0.10 0.00 0.30 0.00 0.00 0.30 0.00 0.30 0.00 0.00 -0.30 0.00 0.00 
0.00 -0.30 0.00 -0.10 0.00 0.00 -0.10 -0.30 -0.30 -0.30 0.00 -0.30 0.00 0.00 -0.10 -0.30 
0.00 -0.30 0.30 0.00 0.00 0.00 -0.10 0.00 0.00 0.00 0.00 -0.30 0.00 -0.50 -0.10 -0.50 
0.30 0.00 -0.10 -0.50 0.00 0.00 -0.30 -0.10 0.10 0.00 -0.30 0.00 0.00 0.00 0.30 0.30 

-0.50 0.00 0.00 0.00 0.00 0.10 0.30 0.00 0.00 0.00 0.00 0.30 -0.30 0.10 0.00 -0.50 
0.00 -0.30 0.00 -0.50 -0.10 0.00 -0.30 0.00 0.00 0.10 -0.50 0.00 0.00 0.00 0.30 -0.50 
0.30 0.00 0.30 -0.50 -0.10 0.30 0.10 0.00 0.10 0.00 0.00 0.00 -0.30 0.00 -0.30 -0.50 
0.30 -0.50 0.00 -0.50 0.00 -0.30 0.10 0.30 -0.50 0.00 0.00 -0.30 0.00 0.00 -0.30 0.00 

0.00 -0.30 0.30 0.00 0.10 0.00 0.30 0.00 0.10 -0.10 0.00 0.00 0.00 0.30 0.00 0.10 
0.10 0.10 -0.50 0.00 0.00 -0.10 0.10 0.00 0.10 -0.30 0.10 0.00 -0.30 -0.10 -0.10 0.00 
-0.10 0.00 0.00 0.00 -0.10 0.30 -0.30 0.00 0.00 0.00 0.00 0.10 0.10 0.00 0.00 -0.30 
0.00 -0.10 0.00 0.10 0.00 0.00 0.00 0.30 0.00 0.00 -0.50 -0.30 0.00 0.00 -0.30 0.00 

-0.10 0.00 -0.50 0.10 0.00 -0.10 0.00 0.00 0.00 -0.30 0.00 -0.50 0.00 -0.30 -0.10 0.00 
0.00 0.00 0.00 0.00 0.30 0.30 0.00 0.00 -0.10 0.00 -0.10 0.00 0.00 0.00 0.00 0.00 
-0.30 0.00 -0.30 0.00 -0.50 -0.30 0.10 0.00 -0.30 0.00 -0.50 0.30 0.00 0.00 0.30 0.00 
0.00 0.00 -0.10 -0.30 -0.30 0.00 0.00 0.00 0.30 0.00 -0.50 0.10 0.00 0.30 0.10 -0.10 

0.00 0.10 0.00 -0.30 -0.30 0.10 0.10 0.30 -0.50 0.00 0.30 0.00 0.00 -0.30 0.00 0.00 
0.00 -0.10 0.00 0.30 -0.50 0.00 -0.30 0.00 0.30 0.30 -0.10 0.00 0.30 0.00 0.00 -0.10 
0.00 0.00 0.00 0.00 -0.10 0.00 0.00 0.00 0.00 0.00 0.00 0.10 0.30 -0.50 0.00 -0.50 
-0.50 0.30 0.10 0.00 0.00 0.00 -0.50 0.00 0.10 -0.50 0.00 -0.50 -0.30 0.10 0.00 0.10 

-0.10 0.00 0.00 0.10 0.00 0.10 0.10 0.10 0.30 0.10 0.30 -0.10 0.10 0.00 0.30 0.00 
-0.10 0.00 -0.10 -0.30 0.00 -0.30 0.00 -0.30 0.00 0.10 0.30 0.00 -0.50 -0.50 -0.30 0.00 
0.00 0.00 0.00 0.00 0.00 -0.10 0.00 0.00 0.10 0.00 -0.10 -0.30 -0.50 0.00 0.00 -0.10 
0.10 0.00 0.00 0.00 -0.50 0.00 0.30 0.00 -0.30 0.00 0.00 -0.30 0.10 0.00 0.00 0.10 

0.00 0.00 0.00 0.30 -0.50 0.00 0.00 0.00 -0.50 0.00 -0.10 0.00 0.00 -0.10 0.00 -0.10 
0.10 0.00 0.00 0.00 -0.50 -0.50 0.00 0.10 0.00 0.00 0.00 -0.30 0.10 0.00 -0.50 0.00 
0.00 0.00 -0.30 -0.10 0.00 0.10 0.00 0.00 0.10 0.00 -0.50 0.00 0.00 0.10 -0.50 0.00 
0.00 0.00 0.00 -0.10 -0.50 -0.50 0.00 0.10 -0.30 0.00 0.00 0.00 -0.10 0.30 0.10 0.10 

-0.10 -0.30 0.00 -0.50 0.00 -0.50 0.00 -0.10 0.00 -0.30 0.00 0.00 0.10 0.30 -0.50 0.00 
0.00 -0.10 0.30 0.00 0.00 0.00 0.00 -0.50 -0.50 0.00 -0.10 0.00 -0.30 0.00 -0.10 0.00 
-0.30 0.00 0.10 -0.10 -0.30 -0.30 0.00 0.00 0.00 0.00 0.00 -0.10 0.00 0.30 -0.10 -0.30 
0.00 -0.10 -0.30 0.00 -0.10 0.00 0.00 -0.10 0.30 0.00 0.00 0.30 -0.30 0.00 0.00 0.00 

-0.50 0.00 -0.10 -0.30 0.00 -0.50 -0.50 0.00 -0.50 0.00 -0.50 -0.30 0.30 0.00 0.00 0.10 
0.00 -0.10 0.00 0.10 0.00 0.10 0.00 -0.30 0.00 -0.30 -0.10 0.00 0.00 0.00 0.00 0.10 
0.10 0.10 -0.50 0.30 -0.30 0.30 0.30 0.00 0.00 0.30 -0.50 -0.50 -0.30 -0.10 0.00 0.30 
0.10 0.30 0.00 -0.30 -0.50 -0.30 0.00 0.00 -0.50 -0.50 -0.10 0.00 0.00 -0.30 -0.30 0.00 

0.10 0.10 0.00 0.00 0.10 -0.50 0.30 0.00 -0.10 -0.30 0.00 0.10 0.30 0.00 -0.30 0.00 
0.00 0.00 0.10 0.10 0.00 -0.30 -0.50 -0.30 -0.30 -0.50 0.30 -0.30 0.00 0.30 0.00 0.10 
0.00 0.30 -0.30 0.00 0.00 0.10 0.00 0.30 0.00 0.00 0.00 0.00 -0.30 0.00 -0.30 0.00 
-0.30 0.10 -0.50 -0.50 0.10 -0.50 0.00 0.00 -0.10 0.30 0.10 0.10 -0.50 -0.50 0.00 0.30 

0.00 -0.30 -0.50 0.00 0.00 -0.30 -0.50 0.00 -0.10 0.00 0.00 -0.30 0.30 0.00 -0.50 0.00 
0.00 0.00 -0.50 0.30 0.00 -0.50 0.00 0.00 -0.50 0.30 -0.50 0.00 0.10 0.00 -0.50 0.30 
0.00 -0.10 0.00 0.00 0.00 0.00 0.00 -0.50 -0.50 -0.10 0.00 0.10 0.00 0.00 0.00 0.00 
0.00 0.00 0.00 -0.50 0.30 0.00 0.10 -0.10 -0.50 0.00 0.00 0.00 0.00 0.00 0.00 0.00 

-0.50 0.00 0.00 0.00 0.00 -0.10 0.00 0.00 0.00 0.00 0.30 0.00 -0.50 0.00 -0.30 0.10 
0.00 -0.30 0.10 0.10 0.00 0.00 -0.10 -0.10 0.30 0.00 -0.50 0.00 0.10 0.00 0.00 -0.50 
0.00 -0.30 -0.50 -0.50 0.00 0.00 0.00 0.30 0.00 -0.50 0.30 0.30 0.00 0.00 0.10 0.00 
0.00 -0.50 0.10 0.30 -0.10 0.00 0.00 0.00 0.00 0.30 0.00 0.30 -0.30 0.00 0.00 0.00 

0.30 -0.30 0.10 -0.50 -0.30 -0.30 0.00 0.00 0.00 -0.10 0.30 0.30 -0.10 -0.10 -0.50 0.30 
0.00 0.30 0.00 0.00 0.00 0.00 -0.10 0.00 0.00 -0.30 0.00 0.00 0.00 0.00 -0.50 0.30 
-0.10 0.00 0.10 -0.10 -0.50 0.00 0.00 0.00 -0.50 -0.30 0.00 -0.50 0.00 0.00 0.00 -0.10 
0.00 0.00 0.00 0.00 0.10 -0.10 -0.30 -0.30 0.30 0.00 0.10 -0.50 0.00 0.00 0.00 0.10 

0.00 0.10 0.00 -0.10 0.30 -0.30 0.00 0.30 0.00 -0.30 0.00 0.00 0.00 -0.10 0.00 0.00 
0.00 -0.10 0.00 -0.30 0.30 0.00 0.30 0.00 0.00 -0.10 -0.10 0.00 0.10 0.00 0.10 -0.10 
-0.50 -0.50 0.00 0.00 -0.10 0.00 0.00 -0.50 0.00 0.00 0.00 0.00 0.00 0.00 0.00 0.30 
0.10 0.00 0.10 0.00 0.10 0.30 -0.10 0.30 0.00 0.30 0.00 -0.50 0.00 -0.50 -0.50 0.00 

0.00 0.00 0.00 -0.10 0.00 0.30 0.00 0.10 0.00 -0.50 0.00 0.00 -0.30 0.00 0.00 0.30 
-0.30 -0.30 -0.30 0.00 -0.10 -0.30 0.30 0.00 0.00 0.10 0.00 0.10 -0.30 0.00 0.30 -0.10 
0.00 0.30 0.00 -0.10 0.30 -0.30 0.00 0.30 -0.10 0.00 0.00 0.30 0.10 -0.30 0.00 0.00 
0.10 0.00 0.00 0.30 0.30 0.00 0.00 0.00 -0.50 0.00 0.00 0.00 0.10 0.10 0.00 0.00 

0.00 0.00 -0.50 -0.30 0.00 0.00 0.00 0.00 0.10 -0.30 0.00 0.00 -0.10 0.00 -0.30 -0.10 
-0.10 0.10 0.00 0.00 0.10 -0.30 0.30 0.30 -0.50 0.00 0.00 -0.10 0.00 0.00 0.10 0.30 
0.00 0.00 0.30 0.00 0.00 -0.10 0.00 0.00 0.00 0.30 0.10 0.00 0.00 0.00 0.00 0.00 
-0.10 0.00 0.30 -0.30 0.00 0.00 0.00 0.00 0.30 0.00 0.30 0.00 0.00 0.00 -0.10 0.00 

0.00 -0.10 0.00 0.00 -0.50 -0.10 0.10 -0.50 0.30 0.00 0.00 0.00 0.00 0.00 0.00 -0.10 
0.10 0.30 0.00 -0.30 0.30 0.30 0.00 0.00 -0.10 0.00 0.00 -0.50 -0.30 -0.50 -0.50 0.00 
0.00 0.10 0.30 0.00 0.00 -0.50 0.10 -0.50 -0.10 0.00 0.00 -0.10 -0.30 0.00 0.00 0.30 
0.00 0.00 0.00 0.00 0.00 -0.50 -0.10 -0.50 -0.50 0.10 0.00 -0.30 0.10 -0.30 0.00 0.00 

0.00 -0.30 0.00 0.00 0.00 -0.10 -0.10 -0.50 0.00 0.00 0.00 0.00 -0.10 0.30 -0.10 -0.10 
-0.10 -0.10 0.00 0.00 0.00 -0.30 0.10 -0.10 0.00 -0.30 -0.10 -0.50 -0.30 0.10 -0.30 0.00 
0.00 0.00 -0.30 0.30 0.00 -0.50 0.30 -0.50 0.00 0.00 0.00 -0.50 0.00 0.10 0.00 0.10 
0.00 0.00 0.00 -0.10 0.00 0.00 -0.10 0.10 -0.10 0.00 0.00 -0.50 -0.10 0.00 -0.30 -0.50 

0.10 -0.10 0.10 0.00 0.00 0.30 0.30 -0.30 0.00 0.30 0.00 0.10 0.00 0.00 0.00 0.00 
0.00 0.00 -0.30 -0.10 0.00 0.00 -0.50 -0.10 0.00 0.00 -0.50 -0.50 0.00 0.00 -0.30 0.10 
0.00 0.10 0.00 0.10 0.00 0.00 -0.30 -0.50 0.10 0.00 0.10 -0.50 -0.50 0.00 -0.50 -0.30 
-0.30 0.10 0.00 0.00 -0.10 0.00 0.00 0.00 -0.50 0.00 -0.10 0.00 0.00 0.30 0.10 0.00 

0.30 0.10 0.00 0.00 -0.10 0.00 -0.10 0.10 0.10 -0.50 -0.50 -0.30 0.00 0.10 0.00 0.10 
0.30 0.00 -0.50 0.00 0.00 0.00 -0.10 0.00 -0.50 0.10 0.00 0.00 0.00 -0.10 -0.30 0.00 
0.00 -0.30 0.30 0.00 0.00 0.00 -0.30 0.00 0.00 0.00 -0.50 0.30 0.00 -0.30 0.30 0.00 
0.00 0.00 0.00 -0.50 -0.50 -0.10 0.00 0.10 0.00 0.00 -0.10 -0.30 0.00 -0.10 -0.30 0.00 

0.00 0.00 -0.10 0.00 0.30 0.30 -0.30 0.00 0.00 0.30 -0.10 0.00 0.00 -0.30 0.00 0.00 
-0.30 0.00 0.00 0.00 -0.10 0.00 -0.10 -0.10 0.00 0.00 0.10 0.10 0.10 0.00 -0.10 -0.30 
-0.10 0.00 0.30 0.00 0.00 0.00 0.00 0.00 0.00 0.00 -0.10 0.10 0.00 -0.10 0.00 0.00 
-0.50 0.00 0.00 -0.30 0.00 0.00 0.10 -0.30 0.00 -0.50 -0.10 0.00 -0.30 -0.30 0.00 -0.30 

-0.50 0.30 -0.30 0.10 -0.10 0.10 0.10 -0.50 0.00 -0.50 0.00 0.00 0.00 0.00 0.00 0.00 
0.00 0.10 0.30 0.00 -0.30 -0.30 -0.50 0.00 0.10 -0.30 0.00 -0.10 0.00 0.00 0.10 0.30 
0.30 0.00 -0.30 0.10 -0.50 0.00 0.30 0.00 0.00 -0.30 0.30 -0.10 0.00 -0.50 -0.10 -0.30 
0.00 0.10 -0.10 0.00 0.00 0.00 0.00 -0.10 0.00 0.00 -0.10 0.10 0.00 -0.50 0.00 -0.30 

0.30 -0.30 0.00 0.00 -0.30 -0.30 -0.50 0.00 0.00 -0.50 -0.50 0.00 -0.10 0.00 0.00 -0.30 
-0.30 0.00 0.00 -0.50 -0.30 0.00 -0.30 0.00 0.00 -0.50 0.00 0.00 0.00 0.10 0.00 0.00 
0.00 0.00 0.00 -0.50 0.00 0.00 0.10 0.30 -0.10 -0.10 -0.10 0.00 0.10 0.00 0.10 -0.10 
0.10 0.00 0.10 0.00 0.00 0.10 0.00 -0.50 0.00 0.00 -0.30 -0.10 -0.50 0.00 0.30 0.00 

0.00 0.00 -0.50 -0.30 0.00 0.30 -0.50 0.10 0.00 0.00 -0.30 0.00 0.00 -0.50 0.00 0.00 
-0.30 0.30 -0.30 -0.30 0.00 0.00 0.30 -0.50 0.00 -0.30 -0.10 0.00 0.10 0.00 -0.10 0.00 
-0.30 0.00 -0.10 0.30 -0.50 0.10 0.00 -0.10 0.30 0.00 -0.30 0.00 -0.10 -0.30 0.30 -0.30 
0.00 -0.10 -0.10 -0.10 -0.10 -0.30 0.00 0.00 -0.30 -0.50 0.00 0.00 0.00 0.00 -0.50 0.00 

0.00 -0.50 -0.30 -0.30 -0.10 0.00 0.30 -0.50 0.00 0.00 0.30 0.30 0.00 -0.10 -0.10 -0.10 
0.00 0.00 -0.50 0.00 -0.10 0.00 0.30 0.00 0.00 -0.50 0.10 0.00 0.00 0.00 0.00 0.10 
-0.50 0.10 -0.10 0.00 -0.10 0.10 0.10 -0.10 -0.10 0.30 0.00 0.00 0.00 0.00 0.10 -0.30 
-0.50 0.10 -0.10 0.00 -0.30 -0.50 0.00 0.10 0.30 0.00 0.00 0.10 -0.10 0.10 0.00 0.00 

0.00 0.00 0.10 -0.50 0.00 0.00 0.00 -0.50 -0.10 0.00 -0.50 -0.50 0.00 0.30 0.00 0.00 
-0.10 -0.30 0.00 -0.30 0.00 -0.50 0.00 0.00 -0.30 0.00 -0.10 0.00 0.00 0.10 0.00 0.10 
0.00 0.00 0.00 0.00 0.00 -0.50 -0.30 -0.50 0.00 0.00 0.00 0.00 0.00 0.00 0.10 -0.10 
0.00 0.00 0.00 0.00 -0.50 0.00 0.00 -0.10 0.10 0.00 0.00 -0.10 0.00 -0.30 -0.50 0.00 

0.30 0.30 -0.30 0.00 0.00 0.00 -0.10 -0.30 0.00 0.00 0.00 0.00 0.00 0.10 0.10 -0.50 
0.00 -0.30 0.00 0.00 0.00 0.00 -0.10 0.00 0.10 0.00 -0.10 0.00 -0.30 -0.30 -0.50 0.00 
-0.50 -0.10 0.00 0.00 0.30 0.00 0.00 -0.50 0.00 0.30 -0.10 -0.30 0.00 -0.50 -0.30 -0.10 
0.00 -0.30 -0.10 0.10 0.30 0.00 0.00 -0.10 0.00 0.10 0.30 -0.30 0.00 -0.50 0.00 0.00 

0.00 -0.10 0.00 -0.50 0.00 0.00 -0.30 0.00 0.30 -0.10 0.30 -0.50 0.00 -0.50 -0.10 0.00 
0.30 -0.50 -0.30 0.00 0.00 -0.50 0.00 0.10 -0.30 0.00 0.00 -0.50 -0.10 0.00 0.00 0.00 
0.30 0.00 0.00 0.00 -0.50 -0.10 -0.50 0.00 -0.10 0.00 -0.10 0.30 0.00 -0.30 0.00 -0.50 
0.00 0.00 0.00 0.00 0.00 -0.50 -0.30 0.00 0.30 -0.50 0.00 0.00 0.00 0.00 -0.50 -0.10 

0.00 -0.10 0.00 0.00 0.10 0.10 0.00 0.00 0.10 0.10 -0.10 -0.10 0.00 0.00 0.00 -0.10 
-0.50 -0.30 0.00 0.10 -0.30 0.10 0.00 -0.30 0.00 0.00 0.10 -0.10 -0.10 0.00 0.00 0.00 
-0.30 -0.50 0.00 0.00 0.00 0.00 0.00 -0.50 0.10 0.10 -0.10 0.00 -0.50 -0.50 0.00 0.30 
-0.30 0.00 -0.50 -0.50 -0.30 0.00 -0.10 -0.10 0.00 0.00 0.00 0.30 -0.50 -0.50 0.00 -0.50 

0.00 0.00 0.00 0.00 -0.50 -0.10 0.00 -0.10 0.00 0.10 0.00 -0.50 -0.30 0.10 -0.30 0.00 
0.10 0.00 -0.10 -0.30 0.30 0.00 -0.50 -0.50 0.00 0.10 -0.10 -0.10 0.10 -0.30 0.30 -0.10 
0.00 0.00 0.00 -0.10 0.10 0.00 -0.50 0.30 0.00 0.30 0.00 0.00 0.00 0.30 0.00 0.30 
0.00 -0.50 -0.30 -0.10 0.00 0.10 0.00 0.00 -0.50 0.30 -0.50 0.00 0.00 0.00 -0.50 0.00 

0.00 0.00 -0.50 0.00 0.00 0.00 0.00 0.00 0.00 0.10 0.00 0.00 0.00 0.00 -0.50 0.00 
0.00 -0.10 0.00 -0.50 -0.50 -0.30 0.10 0.00 -0.50 0.30 0.00 -0.30 0.00 -0.30 0.00 -0.10 
0.00 0.30 0.00 0.30 0.00 0.00 0.10 -0.30 -0.50 -0.50 0.00 0.30 0.00 0.10 -0.50 0.30 
0.10 0.00 0.00 0.00 0.00 0.30 0.10 0.10 0.00 0.00 -0.30 0.00 0.00 0.00 0.00 -0.10 

0.10 0.30 0.00 0.30 0.00 0.00 0.00 0.00 0.00 0.10 0.00 -0.10 0.00 0.00 0.00 0.00 
0.00 0.00 0.00 0.10 0.00 0.00 0.00 -0.10 0.00 0.00 -0.50 0.00 0.00 0.00 -0.50 0.10 
-0.10 -0.50 0.10 -0.10 0.00 0.00 0.00 0.30 0.00 -0.50 -0.50 0.00 -0.10 0.00 -0.10 -0.30 
0.00 0.10 0.00 -0.10 0.30 0.00 0.30 0.00 0.00 0.00 -0.50 0.00 0.00 0.00 0.00 0.00 

-0.10 0.00 0.30 0.00 0.00 0.10 0.00 0.00 0.10 -0.50 0.00 0.00 0.30 0.00 0.30 0.10 
0.00 -0.50 -0.50 -0.30 0.00 -0.30 0.00 -0.30 0.00 -0.30 -0.10 -0.30 0.10 0.10 0.30 -0.50 
0.00 0.00 0.10 -0.30 0.00 0.30 -0.50 -0.10 0.30 0.30 0.10 0.00 0.00 0.00 -0.30 0.00 
0.00 -0.30 0.10 -0.10 0.00 0.00 -0.30 0.10 0.30 0.00 0.00 0.00 -0.30 0.00 0.10 0.00 

0.00 0.00 -0.10 -0.30 0.00 0.10 0.00 0.10 -0.10 -0.30 0.00 -0.30 0.00 -0.50 0.30 0.00 
0.10 0.00 0.00 0.00 0.00 0.30 0.10 0.00 0.10 0.00 -0.50 0.10 -0.10 0.00 0.00 0.30 
0.00 0.30 0.30 0.10 0.00 0.00 0.00 0.00 0.10 0.00 0.00 0.00 0.10 0.30 0.10 0.30 
-0.30 0.30 -0.50 -0.10 -0.50 -0.10 0.00 0.00 0.00 -0.10 0.00 0.10 0.00 -0.10 -0.10 0.00 

0.00 -0.50 0.00 -0.50 0.00 -0.50 0.00 0.00 0.00 0.00 0.00 0.00 0.00 0.00 0.00 0.10 
-0.50 -0.10 0.00 0.00 0.00 -0.30 0.30 -0.50 0.00 0.00 -0.30 0.00 0.00 -0.10 -0.10 0.00 
0.00 0.00 0.00 -0.50 -0.10 -0.30 0.30 0.30 -0.50 -0.30 -0.30 -0.10 0.00 0.00 -0.10 -0.10 
0.00 0.30 0.00 0.00 -0.30 0.00 -0.10 0.00 0.00 0.10 0.00 -0.10 0.00 0.30 0.00 -0.30 

0.10 0.30 0.10 0.30 0.30 0.00 0.30 0.10 0.10 0.00 0.00 0.00 0.00 0.00 0.10 -0.50 
0.00 0.00 0.00 0.10 0.00 0.30 0.00 0.00 -0.10 0.10 0.30 0.00 0.00 0.10 -0.30 0.30 
0.00 0.00 0.00 -0.30 0.00 0.00 0.00 0.00 -0.10 0.00 0.00 0.10 0.00 -0.10 -0.50 -0.30 
-0.30 -0.50 -0.50 -0.30 0.00 0.00 0.10 0.00 -0.10 0.00 0.00 0.00 -0.30 -0.50 0.00 -0.30 

-0.50 -0.10 0.00 0.00 0.00 -0.30 0.00 0.00 0.00 0.00 -0.30 0.00 0.00 0.10 0.00 0.10 
0.00 0.30 -0.10 -0.10 -0.30 0.00 -0.10 0.00 -0.50 0.00 0.00 -0.10 0.00 0.00 0.00 0.30 
0.00 0.00 -0.30 0.00 0.00 0.00 -0.10 -0.30 0.00 0.30 -0.30 -0.50 0.00 -0.30 0.30 0.10 
-0.50 -0.30 0.00 0.30 -0.10 0.00 0.10 0.30 0.00 0.00 0.00 -0.50 0.00 0.00 0.30 0.10 

-0.50 0.30 0.30 0.00 0.00 0.00 0.00 -0.50 -0.30 0.10 -0.50 0.00 0.00 -0.30 -0.50 0.00 
0.10 0.00 -0.30 -0.50 0.00 0.00 -0.50 0.00 -0.30 0.00 0.30 0.00 0.00 -0.10 0.00 -0.10 
-0.50 0.00 0.00 -0.30 -0.10 0.00 0.30 -0.10 -0.10 0.00 0.00 0.00 0.00 0.10 0.00 0.00 
-0.50 0.00 -0.10 -0.30 0.00 -0.30 0.10 -0.50 0.00 0.00 -0.50 -0.10 0.30 0.00 -0.50 0.00 

-0.30 0.00 0.00 -0.50 0.30 -0.50 -0.10 0.00 -0.50 0.00 0.00 0.00 -0.10 -0.10 0.00 0.00 
0.00 0.00 -0.30 0.10 0.00 0.00 0.10 0.00 0.10 -0.10 0.30 -0.50 0.00 0.00 -0.10 0.00 
0.00 0.00 -0.30 0.00 0.00 0.00 0.00 0.00 -0.30 0.00 0.00 0.00 -0.10 -0.30 0.00 -0.30 
0.30 -0.10 -0.10 -0.10 0.00 0.30 -0.30 0.30 0.10 0.30 0.10 0.00 -0.10 0.00 0.00 0.00 

-0.50 0.30 -0.50 0.00 0.00 0.30 0.00 0.00 -0.10 0.30 -0.50 -0.10 -0.50 0.00 0.00 -0.30 
-0.50 0.00 -0.10 0.30 0.10 -0.50 0.00 -0.30 0.00 -0.10 -0.30 0.00 0.30 0.10 0.00 0.00 
-0.10 0.00 0.00 0.10 0.00 0.00 0.10 0.00 0.00 0.30 0.10 0.10 -0.10 0.00 0.00 -0.30 
0.00 0.00 0.00 -0.50 0.00 -0.10 0.00 0.00 0.00 0.00 -0.50 -0.50 -0.10 -0.30 0.00 0.00 

0.10 -0.50 0.30 0.00 -0.10 -0.10 -0.30 -0.10 -0.10 -0.10 0.00 0.00 -0.50 -0.10 0.00 0.00 
0.00 -0.10 0.00 -0.10 -0.30 0.00 0.00 0.00 0.00 0.00 0.00 0.00 0.00 -0.50 0.30 0.10 
0.30 0.00 -0.30 0.00 0.00 0.00 0.00 0.00 -0.50 0.00 0.00 -0.30 0.10 -0.10 -0.10 -0.30 
-0.10 0.00 0.00 -0.10 0.00 0.10 0.00 0.00 -0.50 0.00 0.10 0.00 0.10 -0.30 0.00 0.00 

-0.30 -0.30 0.00 0.00 0.10 0.10 0.00 0.00 0.00 0.00 0.00 0.00 0.00 0.30 0.00 -0.50 
0.00 0.00 0.10 0.00 -0.50 0.00 -0.30 0.10 0.00 0.00 -0.50 -0.50 0.00 0.10 0.10 0.00 
0.00 0.10 -0.50 0.00 -0.30 -0.10 0.00 0.00 0.00 0.30 0.00 -0.10 0.00 0.10 -0.30 -0.30 
-0.10 -0.30 0.30 -0.30 0.00 0.00 0.00 -0.10 -0.30 0.00 0.00 0.00 -0.10 -0.10 0.00 0.00 

0.10 -0.10 0.00 0.00 -0.10 0.00 0.00 0.10 0.00 -0.50 0.30 0.00 0.00 0.00 0.00 0.00 
0.30 0.00 0.00 0.00 -0.30 0.10 -0.50 0.00 0.00 0.10 -0.30 0.30 0.00 0.00 0.00 0.00 
0.00 0.00 0.00 0.00 0.10 0.00 0.00 -0.50 0.00 0.30 0.00 -0.30 -0.30 0.00 0.00 0.00 
-0.50 -0.10 0.10 0.10 0.00 -0.10 0.00 0.00 -0.30 0.00 -0.50 0.00 0.00 0.00 0.00 0.00 

0.00 -0.30 0.00 0.00 0.00 0.00 0.00 0.00 -0.50 0.00 0.00 0.00 0.00 0.30 0.00 0.00 
0.00 -0.10 0.00 -0.50 0.00 -0.30 -0.50 0.10 0.00 0.10 0.00 0.00 -0.30 -0.30 0.30 0.00 
0.10 0.00 0.00 0.00 -0.50 0.00 -0.10 0.30 0.10 0.10 0.00 0.00 0.00 0.00 0.00 0.00 
0.00 0.00 0.30 0.00 -0.10 -0.30 -0.10 -0.10 0.00 -0.10 -0.50 0.00 -0.10 0.00 0.30 -0.50 

0.00 0.00 0.30 0.00 0.30 0.00 0.00 0.00 -0.10 0.10 -0.50 0.00 0.00 -0.30 -0.50 0.00 
0.10 0.00 -0.50 0.30 0.00 0.10 -0.10 0.00 0.00 0.00 0.00 -0.10 0.30 -0.50 0.00 -0.50 
0.00 0.00 0.10 0.30 0.00 -0.10 0.10 0.00 0.00 0.30 -0.30 0.00 0.10 0.30 0.00 0.00 
-0.30 0.10 0.00 0.10 0.00 0.30 0.00 -0.30 0.10 -0.30 0.10 0.30 -0.50 0.10 -0.50 0.10 

0.00 -0.30 -0.50 -0.10 0.10 0.00 -0.50 0.30 -0.30 0.10 0.00 0.00 0.00 0.00 0.00 0.00 
0.00 0.00 -0.10 0.00 0.00 -0.10 0.00 -0.10 0.00 0.30 0.00 0.00 -0.30 0.00 0.00 0.00 
0.30 -0.50 0.00 0.00 0.00 0.00 0.10 -0.50 0.10 0.00 0.00 0.30 -0.10 -0.50 -0.30 0.10 
0.30 -0.30 0.00 0.00 0.00 0.00 0.00 0.00 0.10 0.00 0.00 -0.30 0.00 -0.50 0.00 0.00 

0.00 0.00 -0.50 0.10 -0.50 0.10 0.00 0.00 0.30 0.30 0.30 0.30 0.00 0.00 0.00 0.30 
-0.10 0.10 0.00 0.10 0.00 0.00 0.30 0.00 -0.10 0.00 0.00 0.00 0.00 0.30 -0.30 0.30 
0.00 -0.30 0.00 0.00 -0.30 0.10 -0.30 -0.30 0.00 0.00 -0.30 0.00 0.00 0.00 0.00 0.30 
-0.50 0.10 0.00 0.00 0.10 0.00 0.00 -0.10 -0.30 -0.30 -0.50 -0.50 -0.50 0.30 0.00 0.10 

0.00 0.00 -0.10 0.00 0.00 0.00 0.00 0.00 0.00 0.30 0.00 0.00 0.00 0.30 0.00 0.00 
-0.30 0.00 -0.30 0.30 0.30 0.00 0.00 -0.50 0.00 -0.10 0.00 0.10 0.00 -0.10 0.00 0.30 
0.00 0.00 0.00 -0.30 -0.10 0.30 -0.50 -0.10 0.00 0.00 -0.30 0.10 0.10 0.00 0.30 -0.10 
0.10 -0.50 -0.30 0.00 0.00 0.00 0.00 0.10 -0.30 -0.10 0.00 -0.50 0.10 -0.50 0.00 -0.50 

0.00 0.00 0.10 -0.50 0.00 -0.50 -0.30 0.00 0.00 -0.30 0.10 0.00 -0.10 -0.10 0.00 -0.50 
0.00 -0.50 -0.10 0.00 0.00 0.00 0.00 0.00 0.00 -0.30 0.00 0.10 0.00 0.00 0.00 0.00 
0.00 0.30 -0.10 0.10 0.00 0.00 -0.10 -0.10 0.00 0.00 -0.30 0.00 0.00 0.00 -0.50 0.00 
0.30 0.30 -0.50 -0.50 0.30 0.00 0.30 -0.10 0.30 0.00 0.00 0.00 0.00 0.00 -0.50 0.00 

0.10 0.00 0.00 -0.30 -0.10 0.00 0.10 0.00 0.10 -0.10 0.00 -0.30 -0.10 -0.50 0.00 -0.10 
0.00 -0.10 0.00 0.00 0.00 0.30 0.00 0.00 -0.10 0.00 0.10 0.00 -0.50 0.00 -0.10 -0.50 
0.00 -0.10 0.00 -0.30 -0.10 0.00 0.00 0.00 0.30 0.00 0.00 0.30 0.00 0.10 0.00 0.00 
0.00 -0.30 0.00 -0.10 -0.10 0.00 0.00 -0.10 0.30 -0.30 0.00 0.00 0.30 0.00 0.30 0.00 

0.30 0.10 0.10 -0.30 -0.30 0.00 0.00 0.00 -0.50 0.10 -0.50 0.10 0.00 -0.30 0.10 -0.30 
-0.30 0.10 0.00 -0.30 0.00 0.00 0.00 0.00 0.00 0.10 -0.30 -0.10 0.00 -0.30 0.00 0.00 
0.00 0.00 -0.50 0.00 -0.50 0.30 0.00 0.00 -0.30 0.00 -0.30 0.10 0.00 0.00 0.30 0.00 
-0.30 0.00 0.10 0.00 0.00 0.10 -0.10 0.00 0.00 0.00 -0.10 0.00 0.00 0.00 0.10 0.00 

Launching CuBlas...
Compressed_Val: -0.300049 -0.5 -0.5 -0.0999756 -0.0999756 0.300049 -0.5 -0.0999756 -0.0999756 -0.0999756 -0.300049 0.0999756 0.300049 -0.5 -0.5 0.300049 0.300049 0.300049 0.0999756 -0.5 -0.5 0.300049 0.300049 0.300049 -0.5 -0.5 0.300049 -0.0999756 0.0999756 0.0999756 0.0999756 -0.0999756 0.300049 -0.5 0.300049 0.0999756 0.0999756 -0.0999756 -0.0999756 -0.300049 -0.300049 -0.0999756 -0.5 -0.300049 0.300049 0.0999756 -0.300049 0.300049 0.300049 -0.0999756 -0.300049 0.0999756 -0.0999756 0.0999756 -0.0999756 0.0999756 -0.0999756 -0.300049 0.0999756 0.300049 -0.300049 0.0999756 0.300049 -0.300049 0.0999756 0.300049 -0.0999756 -0.5 -0.0999756 -0.5 0.300049 -0.0999756 -0.5 -0.300049 -0.5 -0.5 -0.0999756 0.0999756 -0.5 -0.5 0.0999756 0.300049 0.0999756 -0.5 -0.300049 -0.5 0.300049 0.0999756 -0.0999756 -0.300049 0.0999756 -0.5 -0.0999756 0.300049 -0.5 0.0999756 0.300049 -0.300049 0.300049 0.0999756 0.300049 0.0999756 -0.300049 0.300049 -0.0999756 -0.300049 -0.300049 -0.0999756 -0.300049 0.0999756 0.300049 -0.0999756 0.0999756 0.0999756 -0.5 0.300049 0.300049 -0.0999756 0.300049 -0.300049 0.300049 0.0999756 0.300049 0.300049 -0.300049 0.300049 -0.300049 0.0999756 -0.5 0.0999756 -0.0999756 0.300049 0.0999756 0.0999756 -0.5 0.300049 0.0999756 -0.300049 -0.300049 -0.5 -0.300049 0.0999756 -0.5 0.300049 0.300049 0.0999756 0.300049 -0.5 0.300049 -0.0999756 0.300049 0.0999756 0.300049 -0.0999756 -0.0999756 -0.300049 -0.5 -0.0999756 0.300049 0.0999756 0.0999756 -0.5 0.300049 -0.0999756 -0.300049 -0.0999756 0.300049 0.0999756 0.300049 -0.0999756 -0.5 -0.300049 -0.0999756 -0.0999756 -0.300049 -0.300049 0.300049 -0.300049 -0.300049 0.300049 -0.0999756 0.0999756 0.300049 -0.300049 0.300049 -0.5 -0.0999756 -0.5 -0.0999756 -0.0999756 -0.0999756 0.300049 -0.0999756 -0.300049 0.0999756 0.0999756 -0.5 -0.0999756 -0.5 -0.5 -0.300049 -0.0999756 -0.0999756 -0.300049 0.0999756 -0.0999756 0.0999756 -0.300049 0.300049 -0.5 0.0999756 -0.5 -0.300049 -0.0999756 0.0999756 0.0999756 -0.300049 0.300049 -0.5 -0.300049 -0.0999756 -0.0999756 -0.300049 -0.300049 -0.5 -0.0999756 -0.300049 0.0999756 0.0999756 -0.5 -0.0999756 0.0999756 -0.300049 0.0999756 0.0999756 0.0999756 -0.300049 -0.5 0.0999756 -0.300049 -0.5 -0.5 0.300049 -0.0999756 -0.300049 -0.5 -0.0999756 -0.0999756 -0.300049 0.0999756 -0.5 -0.5 -0.0999756 0.300049 0.300049 0.300049 0.300049 -0.5 -0.5 -0.300049 -0.300049 -0.300049 -0.0999756 -0.300049 0.0999756 -0.5 0.300049 -0.5 0.0999756 -0.300049 0.0999756 -0.300049 -0.0999756 -0.0999756 -0.5 0.0999756 -0.5 -0.300049 -0.0999756 0.0999756 0.0999756 0.300049 0.0999756 -0.5 -0.5 0.300049 -0.5 -0.0999756 -0.0999756 -0.5 -0.300049 0.0999756 0.300049 0.300049 -0.300049 0.0999756 -0.0999756 -0.300049 -0.300049 -0.5 -0.5 -0.300049 -0.5 0.0999756 -0.300049 0.300049 0.300049 0.300049 -0.0999756 -0.300049 0.300049 0.300049 0.0999756 -0.5 -0.5 -0.300049 -0.5 -0.0999756 -0.0999756 -0.5 -0.0999756 0.300049 0.0999756 -0.0999756 -0.0999756 0.0999756 -0.0999756 0.300049 -0.0999756 -0.0999756 -0.5 0.300049 0.300049 0.0999756 -0.0999756 -0.5 0.0999756 -0.300049 0.300049 -0.300049 -0.5 0.0999756 -0.300049 0.0999756 -0.300049 0.300049 -0.300049 0.0999756 -0.300049 0.0999756 0.300049 0.0999756 -0.0999756 0.300049 0.0999756 -0.300049 0.300049 -0.300049 -0.0999756 0.300049 -0.300049 -0.0999756 -0.300049 0.300049 -0.0999756 0.300049 0.300049 -0.5 -0.0999756 0.300049 0.0999756 -0.0999756 -0.0999756 0.300049 -0.300049 0.300049 0.0999756 -0.0999756 0.0999756 -0.5 0.0999756 -0.5 -0.300049 -0.300049 -0.0999756 -0.300049 -0.0999756 0.0999756 -0.300049 -0.0999756 0.300049 -0.300049 -0.0999756 -0.5 -0.300049 -0.0999756 -0.300049 -0.5 -0.0999756 -0.5 0.0999756 -0.300049 -0.300049 -0.5 0.0999756 0.0999756 -0.300049 0.300049 0.0999756 -0.0999756 0.0999756 0.300049 0.300049 -0.300049 -0.0999756 0.300049 0.0999756 0.0999756 -0.5 0.0999756 -0.5 0.300049 0.300049 -0.0999756 -0.300049 -0.5 0.0999756 -0.5 -0.300049 -0.0999756 -0.300049 0.0999756 -0.0999756 -0.300049 -0.0999756 -0.300049 -0.5 -0.5 0.300049 -0.0999756 -0.300049 0.300049 0.300049 -0.0999756 -0.0999756 -0.300049 -0.5 0.300049 0.300049 -0.5 -0.300049 -0.300049 0.300049 0.300049 -0.300049 -0.5 -0.0999756 0.300049 -0.5 0.300049 -0.0999756 -0.300049 0.0999756 0.300049 0.300049 0.300049 -0.0999756 -0.0999756 -0.300049 -0.300049 -0.0999756 -0.300049 -0.0999756 -0.300049 0.300049 -0.0999756 0.300049 -0.0999756 0.300049 0.300049 -0.0999756 -0.0999756 -0.0999756 -0.5 -0.300049 0.0999756 0.300049 0.0999756 0.300049 -0.0999756 -0.5 -0.300049 -0.0999756 0.300049 -0.5 -0.5 -0.300049 0.0999756 0.300049 -0.0999756 0.0999756 0.300049 -0.5 0.300049 0.300049 -0.300049 0.300049 -0.300049 0.0999756 -0.0999756 -0.300049 -0.0999756 -0.0999756 -0.0999756 -0.300049 -0.300049 0.300049 -0.300049 -0.5 -0.5 -0.0999756 -0.5 0.300049 0.0999756 -0.300049 0.300049 0.300049 -0.5 -0.300049 -0.300049 -0.5 -0.300049 -0.300049 -0.0999756 -0.5 0.0999756 -0.0999756 0.0999756 -0.300049 -0.300049 0.0999756 0.0999756 0.300049 -0.0999756 0.0999756 0.0999756 0.0999756 0.0999756 0.300049 -0.5 -0.0999756 -0.300049 -0.5 -0.5 -0.0999756 -0.5 -0.0999756 -0.300049 -0.5 -0.5 0.0999756 0.0999756 0.0999756 -0.5 0.300049 -0.300049 -0.5 -0.300049 -0.5 -0.300049 -0.5 -0.300049 -0.0999756 -0.5 0.300049 -0.300049 0.300049 0.0999756 0.300049 -0.0999756 0.0999756 0.300049 -0.5 -0.0999756 -0.0999756 -0.0999756 -0.300049 0.0999756 0.300049 -0.5 -0.5 -0.5 -0.300049 0.300049 0.0999756 -0.0999756 -0.300049 0.0999756 0.300049 -0.300049 -0.0999756 -0.300049 0.300049 -0.5 -0.5 -0.0999756 0.300049 -0.300049 0.0999756 -0.5 -0.300049 -0.300049 0.0999756 -0.0999756 0.300049 -0.300049 0.300049 -0.0999756 0.300049 0.0999756 -0.5 -0.300049 -0.0999756 -0.5 -0.0999756 0.0999756 -0.5 -0.300049 -0.0999756 -0.0999756 -0.5 0.0999756 -0.0999756 0.0999756 0.300049 0.300049 -0.300049 0.300049 -0.5 -0.300049 0.0999756 -0.0999756 0.300049 0.300049 -0.0999756 -0.0999756 -0.5 0.300049 -0.300049 -0.0999756 -0.5 -0.300049 0.300049 0.0999756 -0.300049 -0.0999756 -0.300049 -0.0999756 0.300049 -0.0999756 -0.0999756 0.300049 -0.0999756 -0.0999756 0.300049 0.0999756 0.300049 0.300049 -0.0999756 0.300049 -0.5 -0.300049 -0.0999756 -0.0999756 -0.300049 -0.300049 -0.300049 0.0999756 -0.5 -0.5 0.0999756 -0.0999756 0.300049 -0.5 -0.0999756 0.0999756 0.0999756 -0.300049 0.0999756 0.0999756 -0.300049 -0.5 -0.300049 -0.5 0.300049 -0.5 -0.0999756 -0.0999756 0.300049 0.300049 -0.0999756 0.300049 -0.0999756 0.0999756 0.300049 -0.5 -0.5 -0.300049 -0.300049 0.0999756 -0.5 -0.5 -0.0999756 -0.300049 -0.0999756 -0.300049 -0.0999756 0.0999756 -0.300049 -0.5 0.300049 -0.300049 0.300049 0.0999756 -0.5 0.300049 -0.5 0.0999756 -0.5 0.300049 -0.300049 0.0999756 0.0999756 -0.0999756 -0.0999756 0.300049 -0.0999756 -0.0999756 -0.300049 0.300049 0.300049 -0.300049 -0.300049 -0.300049 -0.0999756 -0.300049 0.300049 -0.0999756 0.0999756 0.0999756 -0.300049 0.300049 0.300049 0.0999756 0.300049 -0.300049 0.300049 0.300049 -0.0999756 -0.0999756 -0.300049 0.0999756 -0.0999756 -0.300049 -0.0999756 -0.5 -0.0999756 0.300049 -0.5 0.0999756 -0.5 -0.300049 -0.5 0.300049 -0.0999756 -0.0999756 0.0999756 0.0999756 -0.0999756 0.0999756 0.0999756 -0.300049 0.300049 -0.0999756 -0.5 -0.0999756 0.0999756 0.300049 -0.0999756 -0.5 -0.300049 -0.5 -0.5 -0.300049 -0.0999756 -0.5 -0.300049 0.0999756 -0.300049 -0.5 -0.5 -0.300049 0.0999756 -0.300049 -0.300049 -0.5 -0.300049 0.0999756 -0.0999756 -0.0999756 -0.300049 -0.0999756 0.0999756 -0.300049 0.0999756 -0.0999756 -0.300049 -0.300049 0.0999756 0.0999756 -0.5 0.300049 -0.300049 0.300049 0.300049 0.300049 -0.300049 0.0999756 0.300049 -0.0999756 -0.5 -0.300049 -0.5 0.300049 0.300049 0.0999756 0.300049 -0.5 -0.5 0.0999756 -0.0999756 -0.300049 -0.5 -0.0999756 0.0999756 -0.5 0.0999756 -0.5 -0.0999756 0.300049 -0.0999756 -0.300049 0.300049 -0.5 -0.5 -0.300049 -0.0999756 0.300049 -0.300049 -0.300049 -0.5 -0.0999756 0.0999756 -0.300049 -0.5 -0.5 0.300049 -0.0999756 0.0999756 -0.0999756 -0.5 -0.5 -0.5 -0.0999756 -0.5 0.300049 -0.0999756 0.300049 -0.300049 0.300049 0.300049 -0.0999756 0.0999756 0.300049 -0.5 0.0999756 -0.5 -0.300049 0.300049 -0.5 0.300049 -0.5 0.0999756 0.0999756 -0.300049 -0.5 -0.5 0.300049 0.300049 0.0999756 -0.5 -0.300049 -0.5 -0.0999756 0.300049 -0.0999756 0.300049 0.0999756 -0.300049 0.300049 0.0999756 -0.0999756 -0.0999756 -0.300049 0.300049 -0.5 0.0999756 0.0999756 0.0999756 0.0999756 -0.5 -0.5 -0.5 -0.300049 -0.0999756 -0.300049 -0.300049 -0.5 0.300049 0.0999756 -0.5 0.0999756 -0.5 0.300049 -0.0999756 -0.5 -0.5 0.0999756 -0.0999756 -0.300049 -0.0999756 -0.0999756 0.0999756 0.300049 -0.300049 -0.5 -0.300049 -0.300049 0.0999756 -0.5 -0.5 0.0999756 -0.5 -0.5 0.300049 0.0999756 -0.0999756 0.300049 -0.5 0.0999756 0.300049 0.0999756 -0.0999756 0.0999756 -0.5 -0.5 -0.300049 0.0999756 0.0999756 -0.300049 -0.300049 0.0999756 0.0999756 -0.300049 -0.0999756 0.300049 0.0999756 0.0999756 0.300049 0.300049 -0.300049 -0.5 -0.5 -0.0999756 -0.300049 -0.300049 -0.0999756 0.300049 0.0999756 0.0999756 -0.5 -0.5 0.300049 -0.5 -0.5 0.0999756 0.300049 -0.0999756 0.0999756 -0.0999756 -0.300049 -0.300049 0.0999756 0.0999756 0.0999756 0.300049 -0.0999756 0.300049 0.0999756 0.300049 0.300049 -0.0999756 0.300049 -0.300049 -0.5 -0.0999756 -0.5 -0.0999756 -0.0999756 0.0999756 -0.300049 0.0999756 -0.0999756 0.300049 0.300049 -0.300049 0.300049 0.0999756 -0.5 0.0999756 0.300049 -0.5 -0.5 -0.5 -0.5 0.0999756 0.0999756 0.300049 0.300049 -0.0999756 -0.5 0.0999756 -0.300049 0.0999756 -0.300049 -0.0999756 -0.5 -0.0999756 -0.300049 -0.5 -0.5 -0.0999756 0.300049 0.0999756 0.300049 0.0999756 -0.0999756 -0.0999756 0.0999756 -0.0999756 0.300049 0.300049 -0.300049 -0.5 0.300049 -0.300049 0.0999756 -0.0999756 0.0999756 0.0999756 -0.5 0.300049 -0.300049 -0.300049 -0.300049 -0.5 -0.5 -0.300049 0.300049 -0.5 0.0999756 -0.5 -0.300049 -0.300049 -0.0999756 0.300049 -0.5 0.0999756 -0.5 -0.5 0.300049 0.300049 -0.300049 -0.0999756 -0.300049 0.0999756 -0.5 -0.5 -0.300049 0.0999756 0.0999756 0.300049 -0.0999756 -0.300049 -0.5 -0.5 -0.5 -0.0999756 -0.300049 -0.300049 -0.5 0.300049 0.300049 -0.0999756 -0.0999756 -0.0999756 -0.0999756 -0.5 -0.5 0.300049 0.0999756 0.0999756 -0.5 -0.0999756 -0.5 -0.300049 -0.0999756 0.0999756 0.0999756 -0.5 -0.0999756 -0.0999756 -0.5 0.0999756 0.300049 0.300049 -0.0999756 0.300049 0.0999756 -0.0999756 -0.300049 0.0999756 0.0999756 -0.5 -0.5 -0.5 0.300049 -0.0999756 0.300049 -0.5 -0.5 -0.0999756 0.0999756 0.0999756 -0.0999756 -0.0999756 -0.0999756 0.0999756 -0.5 -0.300049 0.0999756 -0.300049 0.0999756 -0.5 0.0999756 -0.0999756 0.0999756 -0.5 0.300049 0.300049 0.0999756 -0.0999756 -0.300049 -0.300049 -0.5 0.300049 0.0999756 0.300049 -0.5 -0.0999756 -0.300049 -0.0999756 -0.0999756 -0.0999756 0.0999756 0.300049 -0.300049 -0.300049 -0.5 -0.300049 -0.5 -0.300049 -0.300049 -0.300049 0.300049 -0.300049 -0.300049 0.300049 -0.5 -0.5 -0.0999756 0.300049 -0.0999756 -0.300049 -0.300049 -0.5 -0.300049 -0.0999756 -0.5 0.0999756 -0.0999756 -0.300049 0.0999756 0.0999756 0.0999756 -0.0999756 -0.300049 0.0999756 -0.300049 -0.0999756 0.0999756 0.300049 -0.5 0.0999756 -0.300049 -0.0999756 0.0999756 -0.0999756 -0.5 0.0999756 0.0999756 -0.300049 -0.0999756 0.0999756 0.0999756 0.0999756 -0.0999756 -0.300049 -0.300049 -0.5 0.300049 -0.5 -0.300049 -0.5 0.0999756 -0.5 -0.300049 0.0999756 -0.300049 0.0999756 -0.300049 0.0999756 -0.0999756 -0.300049 0.300049 -0.5 -0.5 -0.0999756 -0.5 -0.5 -0.300049 0.0999756 0.0999756 -0.0999756 -0.5 -0.5 -0.300049 -0.300049 -0.300049 0.0999756 0.300049 0.0999756 -0.5 -0.0999756 -0.300049 0.300049 -0.5 -0.300049 -0.5 -0.0999756 0.0999756 -0.0999756 -0.0999756 0.0999756 -0.0999756 -0.0999756 0.0999756 -0.300049 0.300049 -0.0999756 -0.5 0.300049 -0.300049 -0.300049 -0.0999756 -0.5 -0.5 0.0999756 -0.300049 -0.0999756 -0.300049 0.0999756 0.0999756 0.300049 -0.5 0.0999756 -0.5 0.0999756 -0.0999756 0.300049 -0.300049 -0.0999756 -0.0999756 -0.300049 0.300049 -0.300049 -0.0999756 0.300049 0.300049 -0.300049 0.0999756 -0.5 0.300049 -0.5 0.0999756 0.300049 -0.300049 -0.0999756 0.300049 -0.5 0.0999756 -0.0999756 -0.5 0.0999756 -0.0999756 -0.0999756 0.0999756 0.0999756 -0.0999756 -0.5 -0.300049 -0.5 -0.5 -0.0999756 0.300049 -0.5 -0.5 0.300049 -0.300049 0.300049 -0.0999756 0.0999756 -0.0999756 -0.300049 0.300049 -0.0999756 -0.5 -0.0999756 -0.300049 -0.0999756 -0.0999756 -0.0999756 0.0999756 0.0999756 -0.0999756 0.300049 -0.300049 -0.0999756 -0.300049 0.300049 -0.300049 -0.0999756 0.300049 0.0999756 -0.300049 0.0999756 -0.0999756 0.300049 -0.0999756 -0.300049 -0.5 -0.300049 -0.0999756 0.300049 -0.5 -0.0999756 -0.5 -0.300049 -0.5 -0.5 -0.0999756 0.0999756 -0.5 0.300049 0.300049 0.300049 0.0999756 -0.300049 -0.0999756 -0.5 0.0999756 -0.0999756 0.300049 0.0999756 -0.300049 0.300049 -0.5 -0.0999756 0.300049 0.300049 0.0999756 -0.5 -0.0999756 -0.300049 0.300049 0.300049 -0.0999756 -0.0999756 0.300049 -0.300049 -0.5 0.0999756 0.0999756 -0.0999756 -0.5 -0.5 0.300049 0.300049 0.300049 0.300049 -0.5 -0.5 0.300049 0.0999756 -0.5 0.300049 -0.5 -0.5 -0.0999756 -0.0999756 -0.300049 0.300049 0.300049 0.0999756 -0.300049 0.0999756 0.0999756 0.300049 0.0999756 0.300049 -0.5 -0.300049 -0.300049 -0.0999756 -0.0999756 -0.0999756 -0.5 -0.5 -0.0999756 0.0999756 -0.5 -0.300049 0.0999756 -0.300049 0.0999756 -0.0999756 -0.0999756 0.0999756 0.0999756 0.0999756 -0.5 -0.0999756 -0.0999756 -0.0999756 -0.0999756 -0.300049 -0.5 0.0999756 -0.0999756 -0.300049 -0.5 0.0999756 -0.5 -0.0999756 -0.300049 -0.0999756 0.0999756 0.300049 -0.0999756 -0.0999756 -0.300049 -0.0999756 -0.300049 -0.5 -0.0999756 -0.300049 -0.300049 -0.300049 -0.0999756 0.0999756 -0.5 -0.300049 -0.300049 -0.0999756 -0.5 0.300049 -0.300049 -0.5 -0.5 0.300049 0.0999756 -0.0999756 0.0999756 0.0999756 -0.0999756 -0.300049 -0.5 0.0999756 0.300049 -0.300049 -0.5 -0.5 -0.300049 -0.300049 -0.5 -0.5 -0.300049 -0.0999756 -0.0999756 -0.5 -0.300049 -0.0999756 0.0999756 0.0999756 0.300049 0.0999756 0.0999756 0.0999756 -0.0999756 0.300049 0.300049 -0.300049 0.0999756 -0.0999756 -0.300049 0.0999756 -0.300049 0.300049 -0.5 -0.0999756 -0.5 -0.0999756 0.300049 -0.300049 -0.0999756 0.300049 -0.5 -0.5 -0.0999756 0.300049 -0.5 -0.5 -0.5 -0.5 0.300049 -0.5 -0.5 -0.300049 -0.0999756 -0.5 0.300049 -0.300049 0.0999756 -0.0999756 0.0999756 -0.0999756 -0.0999756 0.0999756 -0.0999756 0.300049 -0.300049 0.0999756 0.300049 0.0999756 0.300049 0.300049 0.300049 0.0999756 -0.5 -0.0999756 -0.300049 -0.5 0.300049 0.300049 -0.5 -0.300049 -0.5 0.300049 -0.5 -0.0999756 -0.5 0.300049 -0.5 0.300049 0.0999756 -0.5 0.300049 -0.0999756 -0.0999756 -0.300049 -0.0999756 -0.300049 -0.300049 0.0999756 0.0999756 0.0999756 -0.0999756 -0.0999756 0.0999756 0.0999756 0.0999756 -0.5 -0.300049 0.0999756 0.0999756 -0.300049 0.0999756 -0.5 -0.300049 -0.5 -0.5 -0.0999756 -0.0999756 -0.0999756 0.300049 -0.5 -0.0999756 -0.5 -0.300049 -0.0999756 -0.0999756 -0.5 -0.0999756 0.300049 -0.5 -0.5 0.300049 -0.300049 0.300049 0.300049 -0.300049 -0.5 -0.0999756 0.0999756 -0.5 0.300049 -0.5 0.0999756 -0.5 0.0999756 -0.0999756 0.0999756 -0.5 -0.5 -0.300049 0.0999756 -0.300049 -0.0999756 0.0999756 0.300049 0.0999756 0.0999756 -0.300049 -0.300049 -0.5 0.300049 -0.0999756 0.0999756 -0.5 -0.300049 -0.5 -0.300049 0.0999756 0.300049 0.300049 0.300049 0.300049 0.300049 0.300049 0.300049 -0.300049 0.0999756 -0.0999756 -0.0999756 -0.5 0.0999756 -0.0999756 -0.300049 -0.0999756 -0.5 -0.0999756 -0.5 0.0999756 -0.5 0.0999756 -0.300049 0.0999756 -0.300049 0.0999756 0.300049 0.300049 -0.0999756 -0.0999756 -0.300049 -0.0999756 0.0999756 -0.300049 -0.5 -0.5 -0.300049 0.0999756 0.0999756 -0.5 -0.0999756 0.300049 0.0999756 -0.5 -0.300049 -0.0999756 -0.0999756 -0.300049 0.0999756 -0.5 -0.300049 0.0999756 0.300049 -0.300049 0.0999756 -0.5 -0.0999756 0.0999756 0.300049 0.0999756 -0.300049 0.300049 -0.5 -0.0999756 0.300049 -0.300049 0.300049 -0.0999756 -0.0999756 0.0999756 -0.0999756 0.300049 -0.5 -0.0999756 -0.0999756 -0.300049 0.300049 0.0999756 -0.5 0.300049 0.0999756 -0.5 -0.5 0.0999756 0.0999756 0.0999756 -0.300049 0.300049 -0.0999756 -0.5 -0.300049 -0.5 0.0999756 0.0999756 -0.5 0.300049 0.0999756 -0.0999756 -0.0999756 -0.0999756 -0.0999756 -0.0999756 0.0999756 0.0999756 0.300049 -0.300049 -0.300049 0.300049 0.300049 -0.5 -0.5 -0.0999756 -0.0999756 0.300049 -0.300049 0.0999756 -0.300049 0.0999756 -0.300049 -0.300049 0.300049 -0.0999756 0.300049 -0.5 -0.5 0.300049 -0.300049 -0.0999756 0.300049 -0.300049 0.300049 -0.0999756 0.0999756 -0.0999756 0.300049 -0.300049 0.0999756 -0.0999756 0.0999756 -0.5 -0.0999756 -0.5 0.0999756 -0.300049 -0.0999756 -0.300049 -0.300049 -0.300049 -0.0999756 -0.300049 -0.5 -0.300049 -0.0999756 0.300049 -0.0999756 -0.300049 -0.0999756 0.0999756 0.0999756 0.300049 -0.300049 0.0999756 -0.5 -0.300049 -0.0999756 0.0999756 -0.5 -0.0999756 0.0999756 -0.0999756 -0.5 -0.300049 0.300049 -0.300049 -0.5 -0.300049 0.300049 0.0999756 -0.0999756 0.0999756 -0.300049 -0.0999756 -0.300049 -0.300049 0.300049 0.0999756 0.0999756 -0.0999756 -0.300049 -0.5 -0.300049 0.0999756 -0.0999756 -0.0999756 -0.300049 0.300049 -0.0999756 0.0999756 -0.300049 -0.300049 0.300049 -0.300049 -0.300049 0.0999756 -0.5 -0.0999756 0.300049 0.0999756 0.300049 -0.0999756 0.0999756 0.300049 -0.5 0.0999756 -0.5 -0.300049 -0.300049 0.0999756 -0.300049 -0.300049 -0.300049 -0.0999756 0.300049 -0.5 -0.0999756 0.300049 -0.0999756 0.0999756 -0.0999756 -0.0999756 -0.0999756 -0.300049 -0.0999756 -0.5 -0.5 0.300049 0.0999756 0.0999756 0.300049 -0.300049 0.0999756 0.300049 0.0999756 0.300049 -0.0999756 -0.5 -0.300049 0.0999756 -0.300049 0.300049 -0.300049 0.0999756 0.0999756 0.300049 -0.0999756 -0.300049 -0.5 0.300049 0.300049 0.0999756 -0.300049 -0.300049 0.0999756 0.300049 -0.300049 -0.5 -0.5 -0.300049 0.0999756 -0.5 -0.300049 0.300049 -0.0999756 0.0999756 0.300049 -0.5 -0.0999756 -0.300049 -0.300049 0.0999756 -0.5 0.300049 -0.0999756 -0.0999756 -0.0999756 0.300049 -0.300049 0.300049 -0.5 -0.0999756 -0.0999756 -0.0999756 0.0999756 -0.0999756 -0.300049 0.300049 -0.300049 -0.0999756 -0.5 -0.0999756 0.0999756 0.0999756 -0.0999756 -0.0999756 -0.300049 -0.5 -0.300049 -0.5 0.300049 0.0999756 -0.5 -0.0999756 0.300049 -0.5 0.0999756 0.300049 0.0999756 -0.0999756 -0.5 -0.5 -0.0999756 -0.300049 -0.5 0.0999756 0.0999756 -0.300049 -0.300049 -0.0999756 -0.0999756 -0.300049 -0.5 0.300049 -0.0999756 -0.300049 -0.0999756 -0.0999756 -0.300049 0.0999756 0.0999756 0.300049 -0.300049 0.300049 -0.300049 -0.5 0.0999756 0.0999756 -0.0999756 0.0999756 -0.5 -0.300049 0.0999756 0.300049 0.300049 -0.5 -0.5 0.300049 0.300049 -0.0999756 -0.300049 -0.0999756 -0.0999756 -0.0999756 -0.300049 0.0999756 0.0999756 -0.0999756 -0.0999756 -0.5 -0.0999756 0.300049 -0.5 0.0999756 -0.300049 0.0999756 0.300049 -0.5 0.0999756 -0.5 0.0999756 0.0999756 -0.300049 -0.5 -0.300049 -0.300049 -0.5 -0.5 -0.5 0.300049 0.0999756 -0.300049 -0.0999756 -0.5 0.0999756 -0.5 -0.5 0.300049 -0.5 0.300049 -0.300049 0.300049 0.300049 -0.0999756 0.0999756 0 0 
TileOffsets: -i: 0 39 
TileOffsets_global: -i: 0 0 -i: 1 2088 
Bitmaps: 0 deabd155fd82d5cf 16045148264693159375 1101111010101011110100010101010111111101100000101101010111001111

num_global_tiles: 1, bitmap v3 NNZ: 2088, bitmap v3 median layer NNZ: -1481283472,  max_nnz_intilev3: 2112 
Done! Compressed A matrix for bitmap v3 GPU kernel.
Compressing B matrix...
B num_global_tiles: 1, bitmap v3 NNZ: 2088, bitmap v3 median layer NNZ: 31, max_nnz_intilev3: 2112 
Done! Compressed B matrix for bitmap v3 GPU kernel.
Launching bitmapv3 without Ahead of Time Sparse Data Reordering...
Split_K = 1
GridDim: (1, 1, 1)
BlockDim: (128, 1, 1)
-----------------------------------------------
-----------------------------------------------
Warp 0, Total Error: 0.000000
Warp 3, Total Error: 0.000000
Warp 2, Total Error: 0.000000
Warp 1, Total Error: 0.000000
-----------------------------------------------
Warp 0, Total Error: 0.000000
Warp 1, Total Error: 0.000000
Warp 3, Total Error: 0.000000
Warp 2, Total Error: 0.000000
-----------------------------------------------
Warp 3, Total Error: 0.000000
Warp 1, Total Error: 0.000000
Warp 0, Total Error: 0.000000
Warp 2, Total Error: 0.000000
-----------------------------------------------
Warp 3, Total Error: 0.000000
Warp 0, Total Error: 0.000000
Warp 2, Total Error: 0.000000
Warp 1, Total Error: 0.000000
SpInfer    	 -> 		 Time/ms: 17.021 	 Performance/TFLOPs: 0.00 	 TotalError: 1221.65
CuBlas_TC  	 -> 		 Time/ms: 65.931 	 Performance/TFLOPs: 0.00 	 TotalError: 0.00
