
=== b matrix (4x4) ===
0.00 0.01	0.00 0.00	8.00 0.00	0.00 8.09	
16.00 16.02	16.08 0.00	24.00 24.02	24.08 0.00	
32.00 32.00	32.09 0.00	0.00 0.00	40.09 0.00	
48.00 48.00	0.00 48.09	0.00 0.00	56.09 0.00	

=== b_ matrix (4x4) ===
0.00 0.00	0.00 0.00	8.00 8.02	0.00 0.00	
0.00 0.00	0.24 0.26	0.00 0.00	8.24 8.25	
0.00 0.00	0.00 0.00	0.00 0.00	8.40 8.41	
0.00 0.00	0.56 0.57	0.00 0.00	0.00 0.00	

=== a_ matrix (4x4) ===
0.00 0.00	0.00 0.00	8.00 8.02	0.00 0.00	
0.00 0.00	0.24 0.26	0.00 0.00	8.24 8.25	
0.00 0.00	0.00 0.00	0.00 0.00	8.40 8.41	
0.00 0.00	0.56 0.57	0.00 0.00	0.00 0.00	
TileOffsets_ThisWarp[0]: 0
SpInfer    	 -> 		 Time/ms: 233.447 	 Performance/TFLOPs: 0.00 	 TotalError: inf
CuBlas_TC  	 -> 		 Time/ms: 43.984 	 Performance/TFLOPs: 0.00 	 TotalError: 0.00
